instance_id,cls_id,in_frame,total_proj,ratio
1_1_1_2_25,25,500,500,1.000000
1_2_1_4_25,25,499,499,1.000000
1_4_1_5_25,25,500,500,1.000000
1_5_1_6_25,25,500,500,1.000000
1_6_1_7_25,25,454,500,0.908000
1_7_1_8_25,25,499,499,1.000000
1_8_1_9_25,25,500,500,1.000000
1_9_1_10_25,25,496,496,1.000000
1_10_1_11_25,25,486,486,1.000000
1_11_1_12_25,25,487,487,1.000000
1_12_1_13_25,25,465,465,1.000000
1_13_1_14_25,25,455,455,1.000000
1_14_1_145_25,25,450,450,1.000000
1_145_1_146_25,25,499,499,1.000000
1_146_1_147_25,25,495,495,1.000000
1_147_1_148_25,25,497,497,1.000000
1_148_1_149_25,25,208,208,1.000000
1_149_1_150_25,25,72,72,1.000000
1_150_1_151_25,25,206,206,1.000000
1_151_1_152_25,25,345,405,0.851852
1_152_1_153_25,25,227,394,0.576142
1_153_1_154_25,25,202,273,0.739927
1_154_1_155_25,25,281,389,0.722365
1_155_1_156_25,25,390,417,0.935252
1_156_1_157_25,25,379,386,0.981865
1_157_1_158_25,25,410,410,1.000000
1_158_1_159_25,25,439,439,1.000000
1_159_1_160_25,25,428,432,0.990741
1_160_1_161_25,25,355,453,0.783664
1_161_1_162_25,25,422,444,0.950450
1_162_1_163_25,25,286,438,0.652968
1_163_1_164_25,25,390,390,1.000000
1_164_1_165_25,25,396,415,0.954217
1_165_1_166_25,25,396,405,0.977778
1_166_1_167_25,25,415,415,1.000000
1_167_1_168_25,25,411,436,0.942661
1_168_1_169_25,25,366,424,0.863208
1_169_1_170_25,25,386,396,0.974747
1_170_1_171_25,25,478,478,1.000000
1_171_1_172_25,25,477,477,1.000000
1_172_1_746_25,25,0,243,0.000000
1_746_1_747_25,25,212,262,0.809160
1_747_1_748_25,25,263,263,1.000000
1_748_1_749_25,25,340,340,1.000000
1_749_1_750_25,25,480,486,0.987654
1_750_1_754_25,25,478,478,1.000000
1_754_1_755_25,25,478,482,0.991701
1_16_1_17_18,18,373,373,1.000000
1_17_1_19_18,18,390,390,1.000000
1_19_1_20_18,18,357,357,1.000000
1_20_1_21_18,18,450,450,1.000000
1_21_1_22_18,18,422,422,1.000000
1_22_1_23_18,18,330,330,1.000000
1_23_1_24_18,18,483,483,1.000000
1_24_1_25_18,18,356,356,1.000000
1_25_1_26_18,18,377,377,1.000000
1_26_1_27_18,18,422,422,1.000000
1_27_1_541_18,18,395,395,1.000000
1_541_1_542_18,18,435,435,1.000000
1_542_1_543_18,18,455,455,1.000000
1_543_1_544_18,18,0,33,0.000000
1_544_1_545_18,18,0,202,0.000000
1_545_1_546_18,18,236,236,1.000000
1_546_1_547_18,18,451,451,1.000000
1_547_1_548_18,18,0,43,0.000000
1_548_1_549_18,18,204,220,0.927273
1_549_1_550_18,18,0,3,0.000000
1_550_1_551_18,18,420,420,1.000000
1_551_1_552_18,18,0,135,0.000000
1_552_1_553_18,18,453,453,1.000000
1_553_1_554_18,18,366,366,1.000000
1_554_1_555_18,18,373,373,1.000000
1_555_1_556_18,18,388,388,1.000000
1_556_1_557_18,18,366,366,1.000000
1_557_1_558_18,18,370,370,1.000000
1_558_1_559_18,18,375,375,1.000000
1_559_1_560_18,18,278,278,1.000000
1_560_1_561_18,18,272,272,1.000000
1_29_1_30_4,4,490,490,1.000000
1_30_1_32_4,4,487,487,1.000000
1_32_1_33_4,4,422,490,0.861224
1_33_1_34_4,4,480,480,1.000000
1_34_1_35_4,4,485,485,1.000000
1_35_1_36_4,4,476,476,1.000000
1_36_1_37_4,4,0,362,0.000000
1_37_1_38_4,4,141,141,1.000000
1_38_1_39_4,4,124,124,1.000000
1_39_1_40_4,4,260,260,1.000000
1_40_1_41_4,4,0,7,0.000000
1_41_1_42_4,4,339,340,0.997059
1_42_1_43_4,4,0,157,0.000000
1_43_1_44_4,4,330,330,1.000000
1_44_1_45_4,4,372,394,0.944162
1_45_1_46_4,4,301,466,0.645923
1_46_1_47_4,4,406,406,1.000000
1_47_1_121_4,4,327,409,0.799511
1_121_1_122_4,4,484,484,1.000000
1_122_1_123_4,4,486,486,1.000000
1_123_1_124_4,4,482,482,1.000000
1_124_1_125_4,4,342,406,0.842365
1_125_1_126_4,4,0,259,0.000000
1_126_1_127_4,4,179,179,1.000000
1_127_1_128_4,4,137,137,1.000000
1_128_1_129_4,4,124,124,1.000000
1_129_1_130_4,4,100,130,0.769231
1_130_1_131_4,4,0,0,0.000000
1_131_1_132_4,4,0,219,0.000000
1_132_1_133_4,4,159,159,1.000000
1_133_1_134_4,4,147,147,1.000000
1_134_1_135_4,4,263,263,1.000000
1_135_1_136_4,4,169,169,1.000000
1_136_1_137_4,4,0,76,0.000000
1_137_1_138_4,4,379,461,0.822126
1_138_1_139_4,4,303,388,0.780928
1_139_1_140_4,4,0,130,0.000000
1_140_1_141_4,4,353,358,0.986034
1_141_1_142_4,4,88,88,1.000000
1_142_1_143_4,4,425,475,0.894737
1_143_1_144_4,4,467,468,0.997863
1_49_1_50_21,21,447,447,1.000000
1_50_1_52_21,21,248,248,1.000000
1_52_1_53_21,21,476,476,1.000000
1_53_1_54_21,21,334,461,0.724512
1_54_1_55_21,21,355,355,1.000000
1_55_1_56_21,21,489,489,1.000000
1_56_1_57_21,21,441,444,0.993243
1_57_1_58_21,21,427,427,1.000000
1_58_1_59_21,21,383,436,0.878440
1_59_1_60_21,21,464,464,1.000000
1_60_1_61_21,21,479,479,1.000000
1_61_1_62_21,21,482,482,1.000000
1_62_1_63_21,21,411,411,1.000000
1_63_1_64_21,21,459,461,0.995662
1_64_1_65_21,21,457,457,1.000000
1_65_1_66_21,21,407,407,1.000000
1_66_1_67_21,21,294,299,0.983278
1_67_1_68_21,21,271,271,1.000000
1_68_1_69_21,21,0,36,0.000000
1_69_1_70_21,21,414,414,1.000000
1_70_1_71_21,21,419,419,1.000000
1_71_1_72_21,21,0,203,0.000000
1_72_1_73_21,21,0,97,0.000000
1_73_1_74_21,21,1,135,0.007407
1_74_1_75_21,21,151,151,1.000000
1_75_1_76_21,21,389,430,0.904651
1_76_1_77_21,21,0,213,0.000000
1_77_1_78_21,21,0,7,0.000000
1_78_1_79_21,21,299,299,1.000000
1_79_1_80_21,21,391,391,1.000000
1_80_1_81_21,21,396,464,0.853448
1_81_1_82_21,21,422,422,1.000000
1_82_1_83_21,21,260,260,1.000000
1_83_1_84_21,21,483,483,1.000000
1_84_1_85_21,21,422,467,0.903640
1_85_1_86_21,21,372,449,0.828508
1_88_1_89_14,14,346,346,1.000000
1_89_1_90_14,14,366,366,1.000000
1_90_1_91_14,14,305,305,1.000000
1_91_1_92_14,14,291,291,1.000000
1_92_1_94_14,14,307,307,1.000000
1_94_1_95_14,14,349,349,1.000000
1_95_1_96_14,14,369,369,1.000000
1_96_1_97_14,14,308,308,1.000000
1_97_1_98_14,14,0,159,0.000000
1_98_1_99_14,14,337,337,1.000000
1_99_1_100_14,14,275,275,1.000000
1_100_1_101_14,14,310,310,1.000000
1_101_1_102_14,14,410,410,1.000000
1_102_1_103_14,14,318,318,1.000000
1_103_1_104_14,14,361,361,1.000000
1_104_1_105_14,14,0,181,0.000000
1_105_1_106_14,14,225,270,0.833333
1_106_1_107_14,14,358,358,1.000000
1_107_1_108_14,14,236,316,0.746835
1_108_1_109_14,14,202,363,0.556474
1_109_1_110_14,14,371,371,1.000000
1_110_1_111_14,14,289,373,0.774799
1_111_1_112_14,14,379,379,1.000000
1_112_1_113_14,14,371,371,1.000000
1_113_1_114_14,14,283,400,0.707500
1_116_1_117_14,14,274,274,1.000000
1_117_1_118_14,14,8,229,0.034934
1_118_1_119_14,14,23,152,0.151316
1_119_1_120_14,14,302,302,1.000000
1_174_1_175_19,19,334,334,1.000000
1_175_1_176_19,19,0,182,0.000000
1_176_1_177_19,19,0,0,0.000000
1_177_1_178_19,19,0,127,0.000000
1_178_1_180_19,19,226,226,1.000000
1_180_1_181_19,19,282,312,0.903846
1_181_1_182_19,19,365,365,1.000000
1_182_1_183_19,19,273,351,0.777778
1_183_1_184_19,19,200,350,0.571429
1_184_1_185_19,19,204,368,0.554348
1_185_1_186_19,19,296,299,0.989967
1_186_1_187_19,19,285,323,0.882353
1_187_1_188_19,19,297,297,1.000000
1_188_1_189_19,19,256,299,0.856187
1_189_1_190_19,19,305,332,0.918675
1_190_1_191_19,19,250,276,0.905797
1_191_1_192_19,19,329,356,0.924157
1_192_1_193_19,19,303,312,0.971154
1_193_1_194_19,19,461,461,1.000000
1_194_1_196_19,19,12,109,0.110092
1_196_1_197_19,19,363,363,1.000000
1_197_1_198_19,19,371,371,1.000000
1_198_1_199_19,19,386,386,1.000000
1_201_1_202_15,15,303,303,1.000000
1_202_1_203_15,15,0,110,0.000000
1_203_1_204_15,15,289,289,1.000000
1_204_1_205_15,15,1,207,0.004831
1_205_1_207_15,15,271,271,1.000000
1_207_1_208_15,15,238,238,1.000000
1_208_1_209_15,15,205,205,1.000000
1_209_1_210_15,15,0,118,0.000000
1_210_1_211_15,15,225,225,1.000000
1_211_1_212_15,15,341,341,1.000000
1_212_1_213_15,15,439,458,0.958515
1_213_1_214_15,15,451,451,1.000000
1_214_1_215_15,15,241,329,0.732523
1_215_1_216_15,15,474,476,0.995798
1_216_1_217_15,15,0,422,0.000000
1_217_1_218_15,15,0,27,0.000000
1_218_1_219_15,15,425,425,1.000000
1_219_1_220_15,15,304,334,0.910180
1_220_1_221_15,15,0,212,0.000000
1_221_1_222_15,15,287,287,1.000000
1_222_1_223_15,15,0,163,0.000000
1_223_1_224_15,15,0,176,0.000000
1_224_1_225_15,15,270,305,0.885246
1_225_1_226_15,15,18,150,0.120000
1_226_1_227_15,15,250,250,1.000000
1_227_1_228_15,15,459,476,0.964286
1_228_1_229_15,15,473,473,1.000000
1_229_1_729_15,15,482,482,1.000000
1_729_1_730_15,15,224,224,1.000000
1_730_1_731_15,15,175,175,1.000000
1_231_1_232_12,12,448,448,1.000000
1_232_1_234_12,12,440,440,1.000000
1_234_1_235_12,12,445,445,1.000000
1_235_1_236_12,12,453,453,1.000000
1_236_1_237_12,12,435,440,0.988636
1_237_1_238_12,12,414,414,1.000000
1_238_1_239_12,12,405,405,1.000000
1_239_1_240_12,12,311,440,0.706818
1_240_1_241_12,12,428,431,0.993039
1_241_1_242_12,12,392,415,0.944578
1_242_1_243_12,12,366,371,0.986523
1_243_1_244_12,12,1,211,0.004739
1_246_1_247_7,7,469,469,1.000000
1_247_1_249_7,7,437,437,1.000000
1_249_1_250_7,7,454,454,1.000000
1_250_1_251_7,7,340,441,0.770975
1_251_1_252_7,7,415,451,0.920177
1_252_1_253_7,7,454,454,1.000000
1_253_1_254_7,7,440,441,0.997732
1_254_1_255_7,7,451,451,1.000000
1_255_1_256_7,7,465,465,1.000000
1_256_1_257_7,7,448,448,1.000000
1_257_1_258_7,7,448,448,1.000000
1_258_1_259_7,7,376,427,0.880562
1_259_1_260_7,7,429,437,0.981693
1_260_1_261_7,7,388,388,1.000000
1_261_1_262_7,7,415,415,1.000000
1_262_1_263_7,7,415,415,1.000000
1_263_1_264_7,7,371,371,1.000000
1_264_1_265_7,7,383,383,1.000000
1_265_1_266_7,7,377,377,1.000000
1_266_1_267_7,7,420,420,1.000000
1_267_1_268_7,7,379,379,1.000000
1_268_1_269_7,7,371,383,0.968668
1_269_1_270_7,7,384,384,1.000000
1_270_1_271_7,7,394,394,1.000000
1_271_1_735_7,7,321,364,0.881868
1_735_1_736_7,7,237,272,0.871324
1_736_1_746_7,7,0,260,0.000000
1_746_1_747_7,7,240,240,1.000000
1_747_1_748_7,7,267,267,1.000000
1_273_1_274_16,16,385,385,1.000000
1_274_1_276_16,16,293,302,0.970199
1_276_1_277_16,16,307,335,0.916418
1_277_1_278_16,16,0,0,0.000000
1_278_1_279_16,16,363,363,1.000000
1_279_1_280_16,16,378,387,0.976744
1_280_1_281_16,16,364,364,1.000000
1_281_1_282_16,16,309,309,1.000000
1_282_1_283_16,16,289,289,1.000000
1_283_1_284_16,16,346,346,1.000000
1_284_1_285_16,16,301,376,0.800532
1_285_1_286_16,16,282,286,0.986014
1_286_1_287_16,16,304,304,1.000000
1_287_1_288_16,16,342,348,0.982759
1_288_1_289_16,16,422,427,0.988290
1_289_1_290_16,16,454,454,1.000000
1_290_1_291_16,16,417,417,1.000000
1_291_1_292_16,16,380,380,1.000000
1_294_1_295_24,24,131,131,1.000000
1_295_1_297_24,24,64,64,1.000000
1_297_1_298_24,24,78,86,0.906977
1_298_1_299_24,24,0,142,0.000000
1_299_1_300_24,24,203,203,1.000000
1_300_1_301_24,24,73,210,0.347619
1_301_1_302_24,24,136,136,1.000000
1_302_1_303_24,24,190,190,1.000000
1_303_1_304_24,24,194,194,1.000000
1_304_1_305_24,24,159,159,1.000000
1_305_1_306_24,24,136,136,1.000000
1_306_1_307_24,24,144,144,1.000000
1_307_1_308_24,24,121,121,1.000000
1_308_1_309_24,24,172,182,0.945055
1_309_1_310_24,24,180,180,1.000000
1_310_1_735_24,24,165,177,0.932203
1_735_1_736_24,24,197,257,0.766537
1_736_1_737_24,24,0,110,0.000000
1_737_1_738_24,24,106,106,1.000000
1_738_1_739_24,24,78,78,1.000000
1_312_1_313_23,23,212,212,1.000000
1_313_1_314_23,23,235,235,1.000000
1_314_1_315_23,23,1,215,0.004651
1_315_1_316_23,23,199,199,1.000000
1_316_1_317_23,23,178,178,1.000000
1_318_1_319_28,28,61,61,1.000000
1_319_1_320_28,28,453,453,1.000000
1_323_1_324_8,8,242,242,1.000000
1_324_1_326_8,8,251,251,1.000000
1_326_1_327_8,8,232,232,1.000000
1_327_1_328_8,8,253,253,1.000000
1_328_1_329_8,8,278,278,1.000000
1_329_1_330_8,8,248,248,1.000000
1_330_1_331_8,8,0,109,0.000000
1_331_1_332_8,8,298,305,0.977049
1_332_1_333_8,8,289,289,1.000000
1_333_1_334_8,8,314,314,1.000000
1_334_1_335_8,8,312,312,1.000000
1_335_1_336_8,8,345,345,1.000000
1_336_1_337_8,8,263,367,0.716621
1_337_1_338_8,8,1,283,0.003534
1_338_1_339_8,8,231,231,1.000000
1_339_1_340_8,8,0,0,0.000000
1_340_1_341_8,8,409,409,1.000000
1_341_1_342_8,8,256,285,0.898246
1_342_1_343_8,8,0,100,0.000000
1_343_1_344_8,8,234,234,1.000000
1_344_1_345_8,8,298,298,1.000000
1_345_1_346_8,8,275,291,0.945017
1_346_1_726_8,8,0,193,0.000000
1_726_1_727_8,8,267,267,1.000000
1_727_1_728_8,8,261,261,1.000000
1_728_1_732_8,8,0,265,0.000000
1_732_1_733_8,8,93,214,0.434579
1_733_1_734_8,8,86,217,0.396313
1_734_1_746_8,8,164,194,0.845361
1_746_1_747_8,8,232,232,1.000000
1_747_1_748_8,8,256,256,1.000000
1_348_1_349_10,10,120,120,1.000000
1_349_1_351_10,10,0,94,0.000000
1_351_1_352_10,10,273,273,1.000000
1_352_1_353_10,10,0,89,0.000000
1_353_1_354_10,10,224,224,1.000000
1_354_1_355_10,10,251,251,1.000000
1_355_1_356_10,10,270,270,1.000000
1_356_1_357_10,10,206,206,1.000000
1_357_1_358_10,10,168,178,0.943820
1_358_1_359_10,10,247,247,1.000000
1_359_1_360_10,10,210,210,1.000000
1_360_1_361_10,10,225,225,1.000000
1_361_1_362_10,10,199,199,1.000000
1_362_1_363_10,10,241,241,1.000000
1_363_1_364_10,10,294,294,1.000000
1_364_1_365_10,10,289,289,1.000000
1_367_1_368_2,2,432,432,1.000000
1_368_1_370_2,2,470,470,1.000000
1_370_1_371_2,2,423,423,1.000000
1_371_1_372_2,2,424,424,1.000000
1_372_1_373_2,2,388,388,1.000000
1_373_1_374_2,2,390,390,1.000000
1_374_1_375_2,2,0,135,0.000000
1_375_1_376_2,2,316,330,0.957576
1_376_1_377_2,2,360,360,1.000000
1_377_1_378_2,2,328,330,0.993939
1_378_1_379_2,2,353,353,1.000000
1_379_1_380_2,2,356,356,1.000000
1_380_1_381_2,2,386,386,1.000000
1_381_1_382_2,2,330,333,0.990991
1_382_1_383_2,2,397,397,1.000000
1_383_1_384_2,2,394,394,1.000000
1_384_1_385_2,2,331,331,1.000000
1_385_1_386_2,2,335,335,1.000000
1_386_1_387_2,2,366,367,0.997275
1_387_1_388_2,2,338,338,1.000000
1_388_1_389_2,2,381,381,1.000000
1_389_1_390_2,2,386,386,1.000000
1_390_1_391_2,2,389,389,1.000000
1_391_1_392_2,2,367,367,1.000000
1_392_1_740_2,2,359,359,1.000000
1_740_1_741_2,2,299,299,1.000000
1_741_1_742_2,2,153,153,1.000000
1_394_1_395_17,17,10,10,1.000000
1_395_1_396_17,17,216,216,1.000000
1_396_1_397_17,17,184,184,1.000000
1_397_1_398_17,17,0,145,0.000000
1_398_1_399_17,17,240,240,1.000000
1_399_1_400_17,17,73,73,1.000000
1_400_1_401_17,17,51,51,1.000000
1_401_1_402_17,17,1,22,0.045455
1_402_1_403_17,17,280,280,1.000000
1_403_1_404_17,17,0,110,0.000000
1_404_1_406_17,17,6,98,0.061224
1_406_1_407_17,17,53,56,0.946429
1_407_1_408_17,17,172,176,0.977273
1_408_1_409_17,17,222,222,1.000000
1_409_1_410_17,17,80,82,0.975610
1_410_1_411_17,17,0,0,0.000000
1_411_1_412_17,17,341,341,1.000000
1_412_1_413_17,17,0,183,0.000000
1_413_1_414_17,17,211,263,0.802281
1_414_1_415_17,17,0,34,0.000000
1_415_1_416_17,17,202,202,1.000000
1_416_1_417_17,17,210,210,1.000000
1_417_1_418_17,17,173,198,0.873737
1_418_1_419_17,17,177,177,1.000000
1_419_1_420_17,17,164,191,0.858639
1_420_1_421_17,17,67,67,1.000000
1_421_1_422_17,17,168,191,0.879581
1_424_1_425_9,9,108,108,1.000000
1_425_1_426_9,9,211,211,1.000000
1_426_1_427_9,9,0,57,0.000000
1_427_1_428_9,9,1,1,1.000000
1_428_1_429_9,9,212,212,1.000000
1_429_1_430_9,9,222,222,1.000000
1_430_1_431_9,9,1,228,0.004386
1_431_1_432_9,9,0,0,0.000000
1_432_1_433_9,9,1,196,0.005102
1_433_1_434_9,9,0,62,0.000000
1_434_1_436_9,9,1,256,0.003906
1_436_1_437_9,9,0,11,0.000000
1_437_1_438_9,9,0,250,0.000000
1_438_1_439_9,9,139,146,0.952055
1_439_1_440_9,9,165,168,0.982143
1_440_1_441_9,9,0,385,0.000000
1_441_1_442_9,9,112,112,1.000000
1_442_1_443_9,9,401,401,1.000000
1_443_1_444_9,9,495,495,1.000000
1_444_1_445_9,9,142,142,1.000000
1_445_1_446_9,9,488,488,1.000000
1_446_1_447_9,9,500,500,1.000000
1_447_1_448_9,9,177,177,1.000000
1_448_1_449_9,9,107,107,1.000000
1_451_1_452_5,5,0,159,0.000000
1_452_1_453_5,5,443,497,0.891348
1_453_1_454_5,5,500,500,1.000000
1_454_1_455_5,5,500,500,1.000000
1_455_1_456_5,5,500,500,1.000000
1_456_1_457_5,5,500,500,1.000000
1_457_1_458_5,5,500,500,1.000000
1_458_1_459_5,5,496,496,1.000000
1_459_1_460_5,5,419,487,0.860370
1_460_1_461_5,5,475,491,0.967413
1_461_1_462_5,5,464,485,0.956701
1_462_1_463_5,5,418,478,0.874477
1_463_1_464_5,5,441,490,0.900000
1_464_1_465_5,5,472,490,0.963265
1_465_1_466_5,5,442,442,1.000000
1_466_1_467_5,5,440,458,0.960699
1_467_1_469_5,5,438,452,0.969027
1_469_1_470_5,5,429,429,1.000000
1_470_1_471_5,5,51,51,1.000000
1_471_1_472_5,5,0,126,0.000000
1_472_1_473_5,5,38,38,1.000000
1_473_1_474_5,5,41,41,1.000000
1_474_1_475_5,5,0,253,0.000000
1_475_1_476_5,5,46,46,1.000000
1_476_1_477_5,5,64,64,1.000000
1_477_1_478_5,5,273,284,0.961268
1_478_1_479_5,5,321,377,0.851459
1_479_1_480_5,5,279,279,1.000000
1_480_1_481_5,5,319,372,0.857527
1_481_1_482_5,5,387,409,0.946210
1_482_1_483_5,5,398,414,0.961353
1_483_1_484_5,5,397,427,0.929742
1_484_1_485_5,5,431,456,0.945175
1_485_1_486_5,5,341,377,0.904509
1_486_1_487_5,5,0,278,0.000000
1_487_1_488_5,5,103,103,1.000000
1_490_1_491_27,27,356,356,1.000000
1_491_1_492_27,27,0,89,0.000000
1_492_1_493_27,27,315,315,1.000000
1_493_1_494_27,27,299,318,0.940252
1_494_1_495_27,27,331,334,0.991018
1_495_1_496_27,27,1,162,0.006173
1_496_1_497_27,27,203,203,1.000000
1_497_1_499_27,27,0,140,0.000000
1_499_1_500_27,27,371,371,1.000000
1_500_1_501_27,27,378,378,1.000000
1_501_1_502_27,27,331,369,0.897019
1_502_1_503_27,27,302,369,0.818428
1_503_1_504_27,27,381,384,0.992188
1_504_1_505_27,27,0,140,0.000000
1_505_1_506_27,27,346,346,1.000000
1_506_1_507_27,27,252,252,1.000000
1_507_1_508_27,27,286,286,1.000000
1_508_1_509_27,27,276,276,1.000000
1_509_1_510_27,27,313,313,1.000000
1_510_1_511_27,27,330,330,1.000000
1_511_1_512_27,27,337,337,1.000000
1_514_1_515_6,6,4,172,0.023256
1_515_1_517_6,6,330,330,1.000000
1_517_1_518_6,6,302,302,1.000000
1_518_1_519_6,6,277,277,1.000000
1_519_1_520_6,6,323,323,1.000000
1_520_1_521_6,6,302,302,1.000000
1_521_1_522_6,6,312,319,0.978056
1_522_1_523_6,6,359,359,1.000000
1_523_1_524_6,6,359,359,1.000000
1_524_1_525_6,6,340,340,1.000000
1_525_1_526_6,6,327,327,1.000000
1_526_1_527_6,6,332,332,1.000000
1_527_1_528_6,6,276,276,1.000000
1_528_1_529_6,6,358,358,1.000000
1_529_1_530_6,6,290,290,1.000000
1_530_1_531_6,6,284,284,1.000000
1_531_1_532_6,6,295,295,1.000000
1_532_1_533_6,6,146,146,1.000000
1_533_1_534_6,6,303,303,1.000000
1_534_1_535_6,6,362,363,0.997245
1_535_1_536_6,6,308,308,1.000000
1_536_1_537_6,6,330,333,0.990991
1_537_1_538_6,6,163,291,0.560137
1_538_1_539_6,6,268,268,1.000000
1_539_1_540_6,6,0,122,0.000000
1_563_1_564_11,11,496,496,1.000000
1_564_1_566_11,11,41,41,1.000000
1_566_1_567_11,11,0,185,0.000000
1_567_1_568_11,11,18,18,1.000000
1_568_1_569_11,11,464,464,1.000000
1_569_1_570_11,11,495,495,1.000000
1_570_1_571_11,11,500,500,1.000000
1_571_1_572_11,11,399,399,1.000000
1_572_1_573_11,11,454,454,1.000000
1_573_1_574_11,11,417,437,0.954233
1_574_1_575_11,11,458,458,1.000000
1_575_1_576_11,11,353,353,1.000000
1_576_1_577_11,11,433,433,1.000000
1_577_1_578_11,11,401,456,0.879386
1_578_1_579_11,11,349,349,1.000000
1_579_1_580_11,11,463,463,1.000000
1_580_1_581_11,11,318,318,1.000000
1_581_1_582_11,11,287,323,0.888545
1_582_1_583_11,11,375,375,1.000000
1_583_1_584_11,11,184,322,0.571429
1_584_1_585_11,11,360,360,1.000000
1_585_1_586_11,11,303,303,1.000000
1_586_1_587_11,11,381,381,1.000000
1_587_1_588_11,11,388,388,1.000000
1_590_1_591_13,13,259,259,1.000000
1_591_1_592_13,13,377,378,0.997354
1_592_1_593_13,13,283,283,1.000000
1_593_1_594_13,13,341,344,0.991279
1_594_1_595_13,13,319,337,0.946588
1_595_1_596_13,13,307,307,1.000000
1_596_1_597_13,13,442,442,1.000000
1_597_1_598_13,13,0,207,0.000000
1_598_1_599_13,13,250,250,1.000000
1_599_1_600_13,13,0,162,0.000000
1_600_1_602_13,13,53,53,1.000000
1_602_1_603_13,13,358,358,1.000000
1_603_1_604_13,13,353,353,1.000000
1_604_1_605_13,13,347,349,0.994269
1_605_1_606_13,13,467,467,1.000000
1_606_1_607_13,13,0,187,0.000000
1_607_1_608_13,13,323,323,1.000000
1_608_1_609_13,13,279,279,1.000000
1_609_1_610_13,13,0,0,0.000000
1_610_1_611_13,13,199,345,0.576812
1_611_1_612_13,13,402,419,0.959427
1_612_1_613_13,13,392,392,1.000000
1_613_1_614_13,13,351,354,0.991525
1_614_1_615_13,13,318,320,0.993750
1_617_1_618_1,1,426,426,1.000000
1_618_1_619_1,1,0,184,0.000000
1_619_1_620_1,1,269,364,0.739011
1_620_1_621_1,1,361,361,1.000000
1_621_1_622_1,1,377,378,0.997354
1_622_1_623_1,1,396,396,1.000000
1_623_1_624_1,1,406,406,1.000000
1_624_1_625_1,1,341,341,1.000000
1_625_1_626_1,1,382,382,1.000000
1_626_1_627_1,1,408,408,1.000000
1_627_1_629_1,1,369,369,1.000000
1_629_1_630_1,1,356,356,1.000000
1_630_1_631_1,1,356,356,1.000000
1_631_1_632_1,1,375,375,1.000000
1_632_1_633_1,1,357,357,1.000000
1_633_1_634_1,1,389,391,0.994885
1_634_1_635_1,1,429,429,1.000000
1_635_1_636_1,1,405,405,1.000000
1_636_1_637_1,1,419,419,1.000000
1_637_1_638_1,1,349,349,1.000000
1_638_1_639_1,1,297,300,0.990000
1_639_1_640_1,1,313,313,1.000000
1_640_1_641_1,1,0,145,0.000000
1_641_1_642_1,1,241,245,0.983673
1_644_1_645_26,26,376,394,0.954315
1_645_1_646_26,26,289,289,1.000000
1_646_1_647_26,26,329,376,0.875000
1_647_1_648_26,26,0,92,0.000000
1_648_1_649_26,26,340,340,1.000000
1_649_1_650_26,26,373,373,1.000000
1_650_1_651_26,26,328,328,1.000000
1_651_1_652_26,26,365,365,1.000000
1_652_1_653_26,26,336,336,1.000000
1_653_1_654_26,26,366,366,1.000000
1_654_1_655_26,26,348,348,1.000000
1_655_1_656_26,26,383,383,1.000000
1_656_1_657_26,26,399,399,1.000000
1_657_1_659_26,26,364,364,1.000000
1_659_1_660_26,26,387,387,1.000000
1_660_1_661_26,26,409,409,1.000000
1_661_1_662_26,26,364,377,0.965517
1_662_1_663_26,26,365,365,1.000000
1_663_1_664_26,26,377,377,1.000000
1_664_1_665_26,26,319,319,1.000000
1_665_1_666_26,26,293,293,1.000000
1_666_1_667_26,26,315,315,1.000000
1_667_1_668_26,26,359,359,1.000000
1_668_1_669_26,26,334,334,1.000000
1_669_1_670_26,26,341,341,1.000000
1_670_1_671_26,26,345,345,1.000000
1_671_1_672_26,26,333,333,1.000000
1_672_1_673_26,26,331,331,1.000000
1_673_1_735_26,26,1,198,0.005051
1_735_1_736_26,26,197,226,0.871681
1_736_1_743_26,26,171,318,0.537736
1_743_1_744_26,26,346,346,1.000000
1_744_1_745_26,26,346,346,1.000000
1_675_1_676_3,3,482,482,1.000000
1_676_1_678_3,3,500,500,1.000000
1_678_1_679_3,3,0,73,0.000000
1_679_1_680_3,3,0,42,0.000000
1_680_1_681_3,3,0,296,0.000000
1_681_1_682_3,3,220,220,1.000000
1_682_1_683_3,3,112,112,1.000000
1_683_1_684_3,3,61,61,1.000000
1_684_1_685_3,3,32,247,0.129555
1_685_1_686_3,3,169,169,1.000000
1_686_1_687_3,3,257,257,1.000000
1_687_1_688_3,3,459,459,1.000000
1_688_1_689_3,3,481,481,1.000000
1_689_1_690_3,3,0,500,0.000000
1_690_1_691_3,3,238,282,0.843972
1_691_1_692_3,3,11,158,0.069620
1_692_1_693_3,3,283,283,1.000000
1_693_1_694_3,3,479,479,1.000000
1_694_1_695_3,3,473,473,1.000000
1_695_1_696_3,3,0,0,0.000000
1_696_1_697_3,3,455,455,1.000000
1_697_1_698_3,3,454,454,1.000000
1_700_1_701_20,20,344,344,1.000000
1_701_1_703_20,20,361,361,1.000000
1_703_1_704_20,20,312,312,1.000000
1_704_1_705_20,20,388,388,1.000000
1_705_1_706_20,20,330,330,1.000000
1_706_1_707_20,20,261,299,0.872910
1_707_1_708_20,20,290,314,0.923567
1_708_1_709_20,20,315,315,1.000000
1_709_1_710_20,20,0,153,0.000000
1_710_1_711_20,20,264,264,1.000000
1_711_1_712_20,20,360,360,1.000000
1_712_1_713_20,20,294,294,1.000000
1_713_1_714_20,20,391,394,0.992386
1_714_1_715_20,20,317,317,1.000000
1_715_1_716_20,20,331,331,1.000000
1_716_1_717_20,20,341,341,1.000000
1_717_1_718_20,20,353,353,1.000000
1_718_1_719_20,20,310,313,0.990415
1_719_1_720_20,20,352,352,1.000000
1_720_1_721_20,20,259,259,1.000000
1_721_1_722_20,20,197,197,1.000000
1_722_1_723_20,20,0,138,0.000000
1_723_1_724_20,20,301,327,0.920489
1_724_1_725_20,20,296,296,1.000000
1_725_1_735_20,20,0,103,0.000000
1_735_1_736_20,20,152,257,0.591440
1_752_1_753_22,22,396,448,0.883929
1_753_1_756_22,22,448,448,1.000000
1_756_1_757_22,22,351,450,0.780000
1_757_1_760_22,22,199,354,0.562147
1_760_1_761_22,22,0,264,0.000000
1_761_1_762_22,22,0,0,0.000000
1_765_1_766_22,22,390,390,1.000000
1_766_1_767_22,22,420,420,1.000000
1_769_1_770_22,22,0,0,0.000000
1_770_1_771_22,22,409,413,0.990315
1_774_1_775_22,22,357,380,0.939474
1_775_1_776_22,22,393,407,0.965602
